16935
16936
16937
16938
16939
16940
16941
16942
16943
16944
16945
16946
16948
16949
16950
16951
16952
16953
16954
16955
16956
16957
16958
16959
16960
16961
16962
16963
16964
16965
16966
16967
16968
16969
16970
16971
16972
16973
16974
16975
16976
16977
16978
16979
16980
16981
16982
16983
16984
16985
16986
16987
16988
16989
16990
16991
16992
16993
16994
16995
16996
16997
16998
16999
17000
17001
17002
17003
17004
17005
17006
17007
17008
17009
17010
17011
17012
17013
17014
17015
17016
17017
17018
17019
17020
17021
17022
17023
17024
17025
17026
17027
17028
17029
17030
17031
17032
17033
17034
16934
16933
16932
16931
16930
16929
16928
16927
16926
16925
16924
16923
16922
16921
16920
16919
16918
16917
16916
16912
16911
16910
16909
16907
16906
16905
16904
16899
16898
16897
16896
16895
16894
16893
16892
16891
